#,Name,Type 1,Type 2,MeanTotal,HP,Attack,Defense,Sp. Atk,Sp. Def,Speed,Generation,Legendary
1,Bulbasaur,Grass,Poison,63.6,45,49,49,65,65,45,1,False
2,Ivysaur,Grass,Poison,81.0,60,62,63,80,80,60,1,False
3,Venusaur,Grass,Poison,105.0,80,82,83,100,100,80,1,False
3,VenusaurMega Venusaur,Grass,Poison,125.0,80,100,123,122,120,80,1,False
4,Charmander,Fire,,61.8,39,52,43,60,50,65,1,False
5,Charmeleon,Fire,,81.0,58,64,58,80,65,80,1,False
6,Charizard,Fire,Flying,106.8,78,84,78,109,85,100,1,False
6,CharizardMega Charizard X,Fire,Dragon,126.8,78,130,111,130,85,100,1,False
6,CharizardMega Charizard Y,Fire,Flying,126.8,78,104,78,159,115,100,1,False
7,Squirtle,Water,,62.8,44,48,65,50,64,43,1,False
8,Wartortle,Water,,81.0,59,63,80,65,80,58,1,False
9,Blastoise,Water,,106.0,79,83,100,85,105,78,1,False
9,BlastoiseMega Blastoise,Water,,126.0,79,103,120,135,115,78,1,False
10,Caterpie,Bug,,39.0,45,30,35,20,20,45,1,False
11,Metapod,Bug,,41.0,50,20,55,25,25,30,1,False
12,Butterfree,Bug,Flying,79.0,60,45,50,90,80,70,1,False
13,Weedle,Bug,Poison,39.0,40,35,30,20,20,50,1,False
14,Kakuna,Bug,Poison,41.0,45,25,50,25,25,35,1,False
15,Beedrill,Bug,Poison,79.0,65,90,40,45,80,75,1,False
15,BeedrillMega Beedrill,Bug,Poison,99.0,65,150,40,15,80,145,1,False
16,Pidgey,Normal,Flying,50.2,40,45,40,35,35,56,1,False
17,Pidgeotto,Normal,Flying,69.8,63,60,55,50,50,71,1,False
18,Pidgeot,Normal,Flying,95.8,83,80,75,70,70,101,1,False
18,PidgeotMega Pidgeot,Normal,Flying,115.8,83,80,80,135,80,121,1,False
19,Rattata,Normal,,50.6,30,56,35,25,35,72,1,False
20,Raticate,Normal,,82.6,55,81,60,50,70,97,1,False
21,Spearow,Normal,Flying,52.4,40,60,30,31,31,70,1,False
22,Fearow,Normal,Flying,88.4,65,90,65,61,61,100,1,False
23,Ekans,Poison,,57.6,35,60,44,40,54,55,1,False
24,Arbok,Poison,,87.6,60,85,69,65,79,80,1,False
25,Pikachu,Electric,,64.0,35,55,40,50,50,90,1,False
26,Raichu,Electric,,97.0,60,90,55,90,80,110,1,False
27,Sandshrew,Ground,,60.0,50,75,85,20,30,40,1,False
28,Sandslash,Ground,,90.0,75,100,110,45,55,65,1,False
29,Nidoran (Female),Poison,,55.0,55,47,52,40,40,41,1,False
30,Nidorina,Poison,,73.0,70,62,67,55,55,56,1,False
31,Nidoqueen,Poison,Ground,101.0,90,92,87,75,85,76,1,False
32,Nidoran (Male),Poison,,54.6,46,57,40,40,40,50,1,False
33,Nidorino,Poison,,73.0,61,72,57,55,55,65,1,False
34,Nidoking,Poison,Ground,101.0,81,102,77,85,75,85,1,False
35,Clefairy,Fairy,,64.6,70,45,48,60,65,35,1,False
36,Clefable,Fairy,,96.6,95,70,73,95,90,60,1,False
37,Vulpix,Fire,,59.8,38,41,40,50,65,65,1,False
38,Ninetales,Fire,,101.0,73,76,75,81,100,100,1,False
39,Jigglypuff,Normal,Fairy,54.0,115,45,20,45,25,20,1,False
40,Wigglytuff,Normal,Fairy,87.0,140,70,45,85,50,45,1,False
41,Zubat,Poison,Flying,49.0,40,45,35,30,40,55,1,False
42,Golbat,Poison,Flying,91.0,75,80,70,65,75,90,1,False
43,Oddish,Grass,Poison,64.0,45,50,55,75,65,30,1,False
44,Gloom,Grass,Poison,79.0,60,65,70,85,75,40,1,False
45,Vileplume,Grass,Poison,98.0,75,80,85,110,90,50,1,False
46,Paras,Bug,Grass,57.0,35,70,55,45,55,25,1,False
47,Parasect,Bug,Grass,81.0,60,95,80,60,80,30,1,False
48,Venonat,Bug,Poison,61.0,60,55,50,40,55,45,1,False
49,Venomoth,Bug,Poison,90.0,70,65,60,90,75,90,1,False
50,Diglett,Ground,,53.0,10,55,25,35,45,95,1,False
51,Dugtrio,Ground,,81.0,35,80,50,50,70,120,1,False
52,Meowth,Normal,,58.0,40,45,35,40,40,90,1,False
53,Persian,Normal,,88.0,65,70,60,65,65,115,1,False
54,Psyduck,Water,,64.0,50,52,48,65,50,55,1,False
55,Golduck,Water,,100.0,80,82,78,95,80,85,1,False
56,Mankey,Fighting,,61.0,40,80,35,35,45,70,1,False
57,Primeape,Fighting,,91.0,65,105,60,60,70,95,1,False
58,Growlithe,Fire,,70.0,55,70,45,70,50,60,1,False
59,Arcanine,Fire,,111.0,90,110,80,100,80,95,1,False
60,Poliwag,Water,,60.0,40,50,40,40,40,90,1,False
61,Poliwhirl,Water,,77.0,65,65,65,50,50,90,1,False
62,Poliwrath,Water,Fighting,102.0,90,95,95,70,90,70,1,False
63,Abra,Psychic,,62.0,25,20,15,105,55,90,1,False
64,Kadabra,Psychic,,80.0,40,35,30,120,70,105,1,False
65,Alakazam,Psychic,,100.0,55,50,45,135,95,120,1,False
65,AlakazamMega Alakazam,Psychic,,118.0,55,50,65,175,95,150,1,False
66,Machop,Fighting,,61.0,70,80,50,35,35,35,1,False
67,Machoke,Fighting,,81.0,80,100,70,50,60,45,1,False
68,Machamp,Fighting,,101.0,90,130,80,65,85,55,1,False
69,Bellsprout,Grass,Poison,60.0,50,75,35,70,30,40,1,False
70,Weepinbell,Grass,Poison,78.0,65,90,50,85,45,55,1,False
71,Victreebel,Grass,Poison,98.0,80,105,65,100,70,70,1,False
72,Tentacool,Water,Poison,67.0,40,40,35,50,100,70,1,False
73,Tentacruel,Water,Poison,103.0,80,70,65,80,120,100,1,False
74,Geodude,Rock,Ground,60.0,40,80,100,30,30,20,1,False
75,Graveler,Rock,Ground,78.0,55,95,115,45,45,35,1,False
76,Golem,Rock,Ground,99.0,80,120,130,55,65,45,1,False
77,Ponyta,Fire,,82.0,50,85,55,65,65,90,1,False
78,Rapidash,Fire,,100.0,65,100,70,80,80,105,1,False
79,Slowpoke,Water,Psychic,63.0,90,65,65,40,40,15,1,False
80,Slowbro,Water,Psychic,98.0,95,75,110,100,80,30,1,False
80,SlowbroMega Slowbro,Water,Psychic,118.0,95,75,180,130,80,30,1,False
81,Magnemite,Electric,Steel,65.0,25,35,70,95,55,45,1,False
82,Magneton,Electric,Steel,93.0,50,60,95,120,70,70,1,False
83,Farfetch'd,Normal,Flying,70.4,52,65,55,58,62,60,1,False
84,Doduo,Normal,Flying,62.0,35,85,45,35,35,75,1,False
85,Dodrio,Normal,Flying,92.0,60,110,70,60,60,100,1,False
86,Seel,Water,,65.0,65,45,55,45,70,45,1,False
87,Dewgong,Water,Ice,95.0,90,70,80,70,95,70,1,False
88,Grimer,Poison,,65.0,80,80,50,40,50,25,1,False
89,Muk,Poison,,100.0,105,105,75,65,100,50,1,False
90,Shellder,Water,,61.0,30,65,100,45,25,40,1,False
91,Cloyster,Water,Ice,105.0,50,95,180,85,45,70,1,False
92,Gastly,Ghost,Poison,62.0,30,35,30,100,35,80,1,False
93,Haunter,Ghost,Poison,81.0,45,50,45,115,55,95,1,False
94,Gengar,Ghost,Poison,100.0,60,65,60,130,75,110,1,False
94,GengarMega Gengar,Ghost,Poison,120.0,60,65,80,170,95,130,1,False
95,Onix,Rock,Ground,77.0,35,45,160,30,45,70,1,False
96,Drowzee,Psychic,,65.6,60,48,45,43,90,42,1,False
97,Hypno,Psychic,,96.6,85,73,70,73,115,67,1,False
98,Krabby,Water,,65.0,30,105,90,25,25,50,1,False
99,Kingler,Water,,95.0,55,130,115,50,50,75,1,False
100,Voltorb,Electric,,66.0,40,30,50,55,55,100,1,False
101,Electrode,Electric,,96.0,60,50,70,80,80,140,1,False
102,Exeggcute,Grass,Psychic,65.0,60,40,80,60,45,40,1,False
103,Exeggutor,Grass,Psychic,104.0,95,95,85,125,65,55,1,False
104,Cubone,Ground,,64.0,50,50,95,40,50,35,1,False
105,Marowak,Ground,,85.0,60,80,110,50,80,45,1,False
106,Hitmonlee,Fighting,,91.0,50,120,53,35,110,87,1,False
107,Hitmonchan,Fighting,,91.0,50,105,79,35,110,76,1,False
108,Lickitung,Normal,,77.0,90,55,75,60,75,30,1,False
109,Koffing,Poison,,68.0,40,65,95,60,45,35,1,False
110,Weezing,Poison,,98.0,65,90,120,85,70,60,1,False
111,Rhyhorn,Ground,Rock,69.0,80,85,95,30,30,25,1,False
112,Rhydon,Ground,Rock,97.0,105,130,120,45,45,40,1,False
113,Chansey,Normal,,90.0,250,5,5,35,105,50,1,False
114,Tangela,Grass,,87.0,65,55,115,100,40,60,1,False
115,Kangaskhan,Normal,,98.0,105,95,80,40,80,90,1,False
115,KangaskhanMega Kangaskhan,Normal,,118.0,105,125,100,60,100,100,1,False
116,Horsea,Water,,59.0,30,40,70,70,25,60,1,False
117,Seadra,Water,,88.0,55,65,95,95,45,85,1,False
118,Goldeen,Water,,64.0,45,67,60,35,50,63,1,False
119,Seaking,Water,,90.0,80,92,65,65,80,68,1,False
120,Staryu,Water,,68.0,30,45,55,70,55,85,1,False
121,Starmie,Water,Psychic,104.0,60,75,85,100,85,115,1,False
122,Mr. Mime,Psychic,Fairy,92.0,40,45,65,100,120,90,1,False
123,Scyther,Bug,Flying,100.0,70,110,80,55,80,105,1,False
124,Jynx,Ice,Psychic,91.0,65,50,35,115,95,95,1,False
125,Electabuzz,Electric,,98.0,65,83,57,95,85,105,1,False
126,Magmar,Fire,,99.0,65,95,57,100,85,93,1,False
127,Pinsir,Bug,,100.0,65,125,100,55,70,85,1,False
127,PinsirMega Pinsir,Bug,Flying,120.0,65,155,120,65,90,105,1,False
128,Tauros,Normal,,98.0,75,100,95,40,70,110,1,False
129,Magikarp,Water,,40.0,20,10,55,15,20,80,1,False
130,Gyarados,Water,Flying,108.0,95,125,79,60,100,81,1,False
130,GyaradosMega Gyarados,Water,Dark,128.0,95,155,109,70,130,81,1,False
131,Lapras,Water,Ice,107.0,130,85,80,85,95,60,1,False
132,Ditto,Normal,,57.6,48,48,48,48,48,48,1,False
133,Eevee,Normal,,65.0,55,55,50,45,65,55,1,False
134,Vaporeon,Water,,105.0,130,65,60,110,95,65,1,False
135,Jolteon,Electric,,105.0,65,65,60,110,95,130,1,False
136,Flareon,Fire,,105.0,65,130,60,95,110,65,1,False
137,Porygon,Normal,,79.0,65,60,70,85,75,40,1,False
138,Omanyte,Rock,Water,71.0,35,40,100,90,55,35,1,False
139,Omastar,Rock,Water,99.0,70,60,125,115,70,55,1,False
140,Kabuto,Rock,Water,71.0,30,80,90,55,45,55,1,False
141,Kabutops,Rock,Water,99.0,60,115,105,65,70,80,1,False
142,Aerodactyl,Rock,Flying,103.0,80,105,65,60,75,130,1,False
142,AerodactylMega Aerodactyl,Rock,Flying,123.0,80,135,85,70,95,150,1,False
143,Snorlax,Normal,,108.0,160,110,65,65,110,30,1,False
144,Articuno,Ice,Flying,116.0,90,85,100,95,125,85,1,True
145,Zapdos,Electric,Flying,116.0,90,90,85,125,90,100,1,True
146,Moltres,Fire,Flying,116.0,90,100,90,125,85,90,1,True
147,Dratini,Dragon,,60.0,41,64,45,50,50,50,1,False
148,Dragonair,Dragon,,84.0,61,84,65,70,70,70,1,False
149,Dragonite,Dragon,Flying,120.0,91,134,95,100,100,80,1,False
150,Mewtwo,Psychic,,136.0,106,110,90,154,90,130,1,True
150,MewtwoMega Mewtwo X,Psychic,Fighting,156.0,106,190,100,154,100,130,1,True
150,MewtwoMega Mewtwo Y,Psychic,,156.0,106,150,70,194,120,140,1,True
151,Mew,Psychic,,120.0,100,100,100,100,100,100,1,False
152,Chikorita,Grass,,63.6,45,49,65,49,65,45,2,False
153,Bayleef,Grass,,81.0,60,62,80,63,80,60,2,False
154,Meganium,Grass,,105.0,80,82,100,83,100,80,2,False
155,Cyndaquil,Fire,,61.8,39,52,43,60,50,65,2,False
156,Quilava,Fire,,81.0,58,64,58,80,65,80,2,False
157,Typhlosion,Fire,,106.8,78,84,78,109,85,100,2,False
158,Totodile,Water,,62.8,50,65,64,44,48,43,2,False
159,Croconaw,Water,,81.0,65,80,80,59,63,58,2,False
160,Feraligatr,Water,,106.0,85,105,100,79,83,78,2,False
161,Sentret,Normal,,43.0,35,46,34,35,45,20,2,False
162,Furret,Normal,,83.0,85,76,64,45,55,90,2,False
163,Hoothoot,Normal,Flying,52.4,60,30,30,36,56,50,2,False
164,Noctowl,Normal,Flying,88.4,100,50,50,76,96,70,2,False
165,Ledyba,Bug,Flying,53.0,40,20,30,40,80,55,2,False
166,Ledian,Bug,Flying,78.0,55,35,50,55,110,85,2,False
167,Spinarak,Bug,Poison,50.0,40,60,40,40,40,30,2,False
168,Ariados,Bug,Poison,78.0,70,90,70,60,60,40,2,False
169,Crobat,Poison,Flying,107.0,85,90,80,70,80,130,2,False
170,Chinchou,Water,Electric,66.0,75,38,38,56,56,67,2,False
171,Lanturn,Water,Electric,92.0,125,58,58,76,76,67,2,False
172,Pichu,Electric,,41.0,20,40,15,35,35,60,2,False
173,Cleffa,Fairy,,43.6,50,25,28,45,55,15,2,False
174,Igglybuff,Normal,Fairy,42.0,90,30,15,40,20,15,2,False
175,Togepi,Fairy,,49.0,35,20,65,40,65,20,2,False
176,Togetic,Fairy,Flying,81.0,55,40,85,80,105,40,2,False
177,Natu,Psychic,Flying,64.0,40,50,45,70,45,70,2,False
178,Xatu,Psychic,Flying,94.0,65,75,70,95,70,95,2,False
179,Mareep,Electric,,56.0,55,40,40,65,45,35,2,False
180,Flaaffy,Electric,,73.0,70,55,55,80,60,45,2,False
181,Ampharos,Electric,,102.0,90,75,85,115,90,55,2,False
181,AmpharosMega Ampharos,Electric,Dragon,122.0,90,95,105,165,110,45,2,False
182,Bellossom,Grass,,98.0,75,80,95,90,100,50,2,False
183,Marill,Water,Fairy,50.0,70,20,50,20,50,40,2,False
184,Azumarill,Water,Fairy,84.0,100,50,80,60,80,50,2,False
185,Sudowoodo,Rock,,82.0,70,100,115,30,65,30,2,False
186,Politoed,Water,,100.0,90,75,75,90,100,70,2,False
187,Hoppip,Grass,Flying,50.0,35,35,40,35,55,50,2,False
188,Skiploom,Grass,Flying,68.0,55,45,50,45,65,80,2,False
189,Jumpluff,Grass,Flying,92.0,75,55,70,55,95,110,2,False
190,Aipom,Normal,,72.0,55,70,55,40,55,85,2,False
191,Sunkern,Grass,,36.0,30,30,30,30,30,30,2,False
192,Sunflora,Grass,,85.0,75,75,55,105,85,30,2,False
193,Yanma,Bug,Flying,78.0,65,65,45,75,45,95,2,False
194,Wooper,Water,Ground,42.0,55,45,45,25,25,15,2,False
195,Quagsire,Water,Ground,86.0,95,85,85,65,65,35,2,False
196,Espeon,Psychic,,105.0,65,65,60,130,95,110,2,False
197,Umbreon,Dark,,105.0,95,65,110,60,130,65,2,False
198,Murkrow,Dark,Flying,81.0,60,85,42,85,42,91,2,False
199,Slowking,Water,Psychic,98.0,95,75,80,100,110,30,2,False
200,Misdreavus,Ghost,,87.0,60,60,60,85,85,85,2,False
201,Unown,Psychic,,67.2,48,72,48,72,48,48,2,False
202,Wobbuffet,Psychic,,81.0,190,33,58,33,58,33,2,False
203,Girafarig,Normal,Psychic,91.0,70,80,65,90,65,85,2,False
204,Pineco,Bug,,58.0,50,65,90,35,35,15,2,False
205,Forretress,Bug,Steel,93.0,75,90,140,60,60,40,2,False
206,Dunsparce,Normal,,83.0,100,70,70,65,65,45,2,False
207,Gligar,Ground,Flying,86.0,65,75,105,35,65,85,2,False
208,Steelix,Steel,Ground,102.0,75,85,200,55,65,30,2,False
208,SteelixMega Steelix,Steel,Ground,122.0,75,125,230,55,95,30,2,False
209,Snubbull,Fairy,,60.0,60,80,50,40,40,30,2,False
210,Granbull,Fairy,,90.0,90,120,75,60,60,45,2,False
211,Qwilfish,Water,Poison,86.0,65,95,75,55,55,85,2,False
212,Scizor,Bug,Steel,100.0,70,130,100,55,80,65,2,False
212,ScizorMega Scizor,Bug,Steel,120.0,70,150,140,65,100,75,2,False
213,Shuckle,Bug,Rock,101.0,20,10,230,10,230,5,2,False
214,Heracross,Bug,Fighting,100.0,80,125,75,40,95,85,2,False
214,HeracrossMega Heracross,Bug,Fighting,120.0,80,185,115,40,105,75,2,False
215,Sneasel,Dark,Ice,86.0,55,95,55,35,75,115,2,False
216,Teddiursa,Normal,,66.0,60,80,50,50,50,40,2,False
217,Ursaring,Normal,,100.0,90,130,75,75,75,55,2,False
218,Slugma,Fire,,50.0,40,40,40,70,40,20,2,False
219,Magcargo,Fire,Rock,82.0,50,50,120,80,80,30,2,False
220,Swinub,Ice,Ground,50.0,50,50,40,30,30,50,2,False
221,Piloswine,Ice,Ground,90.0,100,100,80,60,60,50,2,False
222,Corsola,Water,Rock,76.0,55,55,85,65,85,35,2,False
223,Remoraid,Water,,60.0,35,65,35,65,35,65,2,False
224,Octillery,Water,,96.0,75,105,75,105,75,45,2,False
225,Delibird,Ice,Flying,66.0,45,55,45,65,45,75,2,False
226,Mantine,Water,Flying,93.0,65,40,70,80,140,70,2,False
227,Skarmory,Steel,Flying,93.0,65,80,140,40,70,70,2,False
228,Houndour,Dark,Fire,66.0,45,60,30,80,50,65,2,False
229,Houndoom,Dark,Fire,100.0,75,90,50,110,80,95,2,False
229,HoundoomMega Houndoom,Dark,Fire,120.0,75,90,90,140,90,115,2,False
230,Kingdra,Water,Dragon,108.0,75,95,95,95,95,85,2,False
231,Phanpy,Ground,,66.0,90,60,60,40,40,40,2,False
232,Donphan,Ground,,100.0,90,120,120,60,60,50,2,False
233,Porygon2,Normal,,103.0,85,80,90,105,95,60,2,False
234,Stantler,Normal,,93.0,73,95,62,85,65,85,2,False
235,Smeargle,Normal,,50.0,55,20,35,20,45,75,2,False
236,Tyrogue,Fighting,,42.0,35,35,35,35,35,35,2,False
237,Hitmontop,Fighting,,91.0,50,95,95,35,110,70,2,False
238,Smoochum,Ice,Psychic,61.0,45,30,15,85,65,65,2,False
239,Elekid,Electric,,72.0,45,63,37,65,55,95,2,False
240,Magby,Fire,,73.0,45,75,37,70,55,83,2,False
241,Miltank,Normal,,98.0,95,80,105,40,70,100,2,False
242,Blissey,Normal,,108.0,255,10,10,75,135,55,2,False
243,Raikou,Electric,,116.0,90,85,75,115,100,115,2,True
244,Entei,Fire,,116.0,115,115,85,90,75,100,2,True
245,Suicune,Water,,116.0,100,75,115,90,115,85,2,True
246,Larvitar,Rock,Ground,60.0,50,64,50,45,50,41,2,False
247,Pupitar,Rock,Ground,82.0,70,84,70,65,70,51,2,False
248,Tyranitar,Rock,Dark,120.0,100,134,110,95,100,61,2,False
248,TyranitarMega Tyranitar,Rock,Dark,140.0,100,164,150,95,120,71,2,False
249,Lugia,Psychic,Flying,136.0,106,90,130,90,154,110,2,True
250,Ho-oh,Fire,Flying,136.0,106,130,90,110,154,90,2,True
251,Celebi,Psychic,Grass,120.0,100,100,100,100,100,100,2,False
252,Treecko,Grass,,62.0,40,45,35,65,55,70,3,False
253,Grovyle,Grass,,81.0,50,65,45,85,65,95,3,False
254,Sceptile,Grass,,106.0,70,85,65,105,85,120,3,False
254,SceptileMega Sceptile,Grass,Dragon,126.0,70,110,75,145,85,145,3,False
255,Torchic,Fire,,62.0,45,60,40,70,50,45,3,False
256,Combusken,Fire,Fighting,81.0,60,85,60,85,60,55,3,False
257,Blaziken,Fire,Fighting,106.0,80,120,70,110,70,80,3,False
257,BlazikenMega Blaziken,Fire,Fighting,126.0,80,160,80,130,80,100,3,False
258,Mudkip,Water,,62.0,50,70,50,50,50,40,3,False
259,Marshtomp,Water,Ground,81.0,70,85,70,60,70,50,3,False
260,Swampert,Water,Ground,107.0,100,110,90,85,90,60,3,False
260,SwampertMega Swampert,Water,Ground,127.0,100,150,110,95,110,70,3,False
261,Poochyena,Dark,,44.0,35,55,35,30,30,35,3,False
262,Mightyena,Dark,,84.0,70,90,70,60,60,70,3,False
263,Zigzagoon,Normal,,48.0,38,30,41,30,41,60,3,False
264,Linoone,Normal,,84.0,78,70,61,50,61,100,3,False
265,Wurmple,Bug,,39.0,45,45,35,20,30,20,3,False
266,Silcoon,Bug,,41.0,50,35,55,25,25,15,3,False
267,Beautifly,Bug,Flying,79.0,60,70,50,100,50,65,3,False
268,Cascoon,Bug,,41.0,50,35,55,25,25,15,3,False
269,Dustox,Bug,Poison,77.0,60,50,70,50,90,65,3,False
270,Lotad,Water,Grass,44.0,40,30,30,40,50,30,3,False
271,Lombre,Water,Grass,68.0,60,50,50,60,70,50,3,False
272,Ludicolo,Water,Grass,96.0,80,70,70,90,100,70,3,False
273,Seedot,Grass,,44.0,40,40,50,30,30,30,3,False
274,Nuzleaf,Grass,Dark,68.0,70,70,40,60,40,60,3,False
275,Shiftry,Grass,Dark,96.0,90,100,60,90,60,80,3,False
276,Taillow,Normal,Flying,54.0,40,55,30,30,30,85,3,False
277,Swellow,Normal,Flying,86.0,60,85,60,50,50,125,3,False
278,Wingull,Water,Flying,54.0,40,30,30,55,30,85,3,False
279,Pelipper,Water,Flying,86.0,60,50,100,85,70,65,3,False
280,Ralts,Psychic,Fairy,39.6,28,25,25,45,35,40,3,False
281,Kirlia,Psychic,Fairy,55.6,38,35,35,65,55,50,3,False
282,Gardevoir,Psychic,Fairy,103.6,68,65,65,125,115,80,3,False
282,GardevoirMega Gardevoir,Psychic,Fairy,123.6,68,85,65,165,135,100,3,False
283,Surskit,Bug,Water,53.8,40,30,32,50,52,65,3,False
284,Masquerain,Bug,Flying,82.8,70,60,62,80,82,60,3,False
285,Shroomish,Grass,,59.0,60,40,60,40,60,35,3,False
286,Breloom,Grass,Fighting,92.0,60,130,80,60,60,70,3,False
287,Slakoth,Normal,,56.0,60,60,60,35,35,30,3,False
288,Vigoroth,Normal,,88.0,80,80,80,55,55,90,3,False
289,Slaking,Normal,,134.0,150,160,100,95,65,100,3,False
290,Nincada,Bug,Ground,53.2,31,45,90,30,30,40,3,False
291,Ninjask,Bug,Flying,91.2,61,90,45,50,50,160,3,False
292,Shedinja,Bug,Ghost,47.2,1,90,45,30,30,40,3,False
293,Whismur,Normal,,48.0,64,51,23,51,23,28,3,False
294,Loudred,Normal,,72.0,84,71,43,71,43,48,3,False
295,Exploud,Normal,,98.0,104,91,63,91,73,68,3,False
296,Makuhita,Fighting,,47.4,72,60,30,20,30,25,3,False
297,Hariyama,Fighting,,94.8,144,120,60,40,60,50,3,False
298,Azurill,Normal,Fairy,38.0,50,20,40,20,40,20,3,False
299,Nosepass,Rock,,75.0,30,45,135,45,90,30,3,False
300,Skitty,Normal,,52.0,50,45,45,35,35,50,3,False
301,Delcatty,Normal,,76.0,70,65,65,55,55,70,3,False
302,Sableye,Dark,Ghost,76.0,50,75,75,65,65,50,3,False
302,SableyeMega Sableye,Dark,Ghost,96.0,50,85,125,85,115,20,3,False
303,Mawile,Steel,Fairy,76.0,50,85,85,55,55,50,3,False
303,MawileMega Mawile,Steel,Fairy,96.0,50,105,125,55,95,50,3,False
304,Aron,Steel,Rock,66.0,50,70,100,40,40,30,3,False
305,Lairon,Steel,Rock,86.0,60,90,140,50,50,40,3,False
306,Aggron,Steel,Rock,106.0,70,110,180,60,60,50,3,False
306,AggronMega Aggron,Steel,,126.0,70,140,230,60,80,50,3,False
307,Meditite,Fighting,Psychic,56.0,30,40,55,40,55,60,3,False
308,Medicham,Fighting,Psychic,82.0,60,60,75,60,75,80,3,False
308,MedichamMega Medicham,Fighting,Psychic,102.0,60,100,85,80,85,100,3,False
309,Electrike,Electric,,59.0,40,45,40,65,40,65,3,False
310,Manectric,Electric,,95.0,70,75,60,105,60,105,3,False
310,ManectricMega Manectric,Electric,,115.0,70,75,80,135,80,135,3,False
311,Plusle,Electric,,81.0,60,50,40,85,75,95,3,False
312,Minun,Electric,,81.0,60,40,50,75,85,95,3,False
313,Volbeat,Bug,,80.0,65,73,55,47,75,85,3,False
314,Illumise,Bug,,80.0,65,47,55,73,75,85,3,False
315,Roselia,Grass,Poison,80.0,50,60,45,100,80,65,3,False
316,Gulpin,Poison,,60.4,70,43,53,43,53,40,3,False
317,Swalot,Poison,,93.4,100,73,83,73,83,55,3,False
318,Carvanha,Water,Dark,61.0,45,90,20,65,20,65,3,False
319,Sharpedo,Water,Dark,92.0,70,120,40,95,40,95,3,False
319,SharpedoMega Sharpedo,Water,Dark,112.0,70,140,70,110,65,105,3,False
320,Wailmer,Water,,80.0,130,70,35,70,35,60,3,False
321,Wailord,Water,,100.0,170,90,45,90,45,60,3,False
322,Numel,Fire,Ground,61.0,60,60,40,65,45,35,3,False
323,Camerupt,Fire,Ground,92.0,70,100,70,105,75,40,3,False
323,CameruptMega Camerupt,Fire,Ground,112.0,70,120,100,145,105,20,3,False
324,Torkoal,Fire,,94.0,70,85,140,85,70,20,3,False
325,Spoink,Psychic,,66.0,60,25,35,70,80,60,3,False
326,Grumpig,Psychic,,94.0,80,45,65,90,110,80,3,False
327,Spinda,Normal,,72.0,60,60,60,60,60,60,3,False
328,Trapinch,Ground,,58.0,45,100,45,45,45,10,3,False
329,Vibrava,Ground,Dragon,68.0,50,70,50,50,50,70,3,False
330,Flygon,Ground,Dragon,104.0,80,100,80,80,80,100,3,False
331,Cacnea,Grass,,67.0,50,85,40,85,40,35,3,False
332,Cacturne,Grass,Dark,95.0,70,115,60,115,60,55,3,False
333,Swablu,Normal,Flying,62.0,45,40,60,40,75,50,3,False
334,Altaria,Dragon,Flying,98.0,75,70,90,70,105,80,3,False
334,AltariaMega Altaria,Dragon,Fairy,118.0,75,110,110,110,105,80,3,False
335,Zangoose,Normal,,91.6,73,115,60,60,60,90,3,False
336,Seviper,Poison,,91.6,73,100,60,100,60,65,3,False
337,Lunatone,Rock,Psychic,88.0,70,55,65,95,85,70,3,False
338,Solrock,Rock,Psychic,88.0,70,95,85,55,65,70,3,False
339,Barboach,Water,Ground,57.6,50,48,43,46,41,60,3,False
340,Whiscash,Water,Ground,93.6,110,78,73,76,71,60,3,False
341,Corphish,Water,,61.6,43,80,65,50,35,35,3,False
342,Crawdaunt,Water,Dark,93.6,63,120,85,90,55,55,3,False
343,Baltoy,Ground,Psychic,60.0,40,40,55,40,70,55,3,False
344,Claydol,Ground,Psychic,100.0,60,70,105,70,120,75,3,False
345,Lileep,Rock,Grass,71.0,66,41,77,61,87,23,3,False
346,Cradily,Rock,Grass,99.0,86,81,97,81,107,43,3,False
347,Anorith,Rock,Bug,71.0,45,95,50,40,50,75,3,False
348,Armaldo,Rock,Bug,99.0,75,125,100,70,80,45,3,False
349,Feebas,Water,,40.0,20,15,20,10,55,80,3,False
350,Milotic,Water,,108.0,95,60,79,100,125,81,3,False
351,Castform,Normal,,84.0,70,70,70,70,70,70,3,False
352,Kecleon,Normal,,88.0,60,90,70,60,120,40,3,False
353,Shuppet,Ghost,,59.0,44,75,35,63,33,45,3,False
354,Banette,Ghost,,91.0,64,115,65,83,63,65,3,False
354,BanetteMega Banette,Ghost,,111.0,64,165,75,93,83,75,3,False
355,Duskull,Ghost,,59.0,20,40,90,30,90,25,3,False
356,Dusclops,Ghost,,91.0,40,70,130,60,130,25,3,False
357,Tropius,Grass,Flying,92.0,99,68,83,72,87,51,3,False
358,Chimecho,Psychic,,85.0,65,50,70,95,80,65,3,False
359,Absol,Dark,,93.0,65,130,60,75,60,75,3,False
359,AbsolMega Absol,Dark,,113.0,65,150,60,115,60,115,3,False
360,Wynaut,Psychic,,52.0,95,23,48,23,48,23,3,False
361,Snorunt,Ice,,60.0,50,50,50,50,50,50,3,False
362,Glalie,Ice,,96.0,80,80,80,80,80,80,3,False
362,GlalieMega Glalie,Ice,,116.0,80,120,80,120,80,100,3,False
363,Spheal,Ice,Water,58.0,70,40,50,55,50,25,3,False
364,Sealeo,Ice,Water,82.0,90,60,70,75,70,45,3,False
365,Walrein,Ice,Water,106.0,110,80,90,95,90,65,3,False
366,Clamperl,Water,,69.0,35,64,85,74,55,32,3,False
367,Huntail,Water,,97.0,55,104,105,94,75,52,3,False
368,Gorebyss,Water,,97.0,55,84,105,114,75,52,3,False
369,Relicanth,Water,Rock,97.0,100,90,130,45,65,55,3,False
370,Luvdisc,Water,,66.0,43,30,55,40,65,97,3,False
371,Bagon,Dragon,,60.0,45,75,60,40,30,50,3,False
372,Shelgon,Dragon,,84.0,65,95,100,60,50,50,3,False
373,Salamence,Dragon,Flying,120.0,95,135,80,110,80,100,3,False
373,SalamenceMega Salamence,Dragon,Flying,140.0,95,145,130,120,90,120,3,False
374,Beldum,Steel,Psychic,60.0,40,55,80,35,60,30,3,False
375,Metang,Steel,Psychic,84.0,60,75,100,55,80,50,3,False
376,Metagross,Steel,Psychic,120.0,80,135,130,95,90,70,3,False
376,MetagrossMega Metagross,Steel,Psychic,140.0,80,145,150,105,110,110,3,False
377,Regirock,Rock,,116.0,80,100,200,50,100,50,3,True
378,Regice,Ice,,116.0,80,50,100,100,200,50,3,True
379,Registeel,Steel,,116.0,80,75,150,75,150,50,3,True
380,Latias,Dragon,Psychic,120.0,80,80,90,110,130,110,3,True
380,LatiasMega Latias,Dragon,Psychic,140.0,80,100,120,140,150,110,3,True
381,Latios,Dragon,Psychic,120.0,80,90,80,130,110,110,3,True
381,LatiosMega Latios,Dragon,Psychic,140.0,80,130,100,160,120,110,3,True
382,Kyogre,Water,,134.0,100,100,90,150,140,90,3,True
382,KyogrePrimal Kyogre,Water,,154.0,100,150,90,180,160,90,3,True
383,Groudon,Ground,,134.0,100,150,140,100,90,90,3,True
383,GroudonPrimal Groudon,Ground,Fire,154.0,100,180,160,150,90,90,3,True
384,Rayquaza,Dragon,Flying,136.0,105,150,90,150,90,95,3,True
384,RayquazaMega Rayquaza,Dragon,Flying,156.0,105,180,100,180,100,115,3,True
385,Jirachi,Steel,Psychic,120.0,100,100,100,100,100,100,3,True
386,DeoxysNormal Forme,Psychic,,120.0,50,150,50,150,50,150,3,True
386,DeoxysAttack Forme,Psychic,,120.0,50,180,20,180,20,150,3,True
386,DeoxysDefense Forme,Psychic,,120.0,50,70,160,70,160,90,3,True
386,DeoxysSpeed Forme,Psychic,,120.0,50,95,90,95,90,180,3,True
387,Turtwig,Grass,,63.6,55,68,64,45,55,31,4,False
388,Grotle,Grass,,81.0,75,89,85,55,65,36,4,False
389,Torterra,Grass,Ground,105.0,95,109,105,75,85,56,4,False
390,Chimchar,Fire,,61.8,44,58,44,58,44,61,4,False
391,Monferno,Fire,Fighting,81.0,64,78,52,78,52,81,4,False
392,Infernape,Fire,Fighting,106.8,76,104,71,104,71,108,4,False
393,Piplup,Water,,62.8,53,51,53,61,56,40,4,False
394,Prinplup,Water,,81.0,64,66,68,81,76,50,4,False
395,Empoleon,Water,Steel,106.0,84,86,88,111,101,60,4,False
396,Starly,Normal,Flying,49.0,40,55,30,30,30,60,4,False
397,Staravia,Normal,Flying,68.0,55,75,50,40,40,80,4,False
398,Staraptor,Normal,Flying,97.0,85,120,70,50,60,100,4,False
399,Bidoof,Normal,,50.0,59,45,40,35,40,31,4,False
400,Bibarel,Normal,Water,82.0,79,85,60,55,60,71,4,False
401,Kricketot,Bug,,38.8,37,25,41,25,41,25,4,False
402,Kricketune,Bug,,76.8,77,85,51,55,51,65,4,False
403,Shinx,Electric,,52.6,45,65,34,40,34,45,4,False
404,Luxio,Electric,,72.6,60,85,49,60,49,60,4,False
405,Luxray,Electric,,104.6,80,120,79,95,79,70,4,False
406,Budew,Grass,Poison,56.0,40,30,35,50,70,55,4,False
407,Roserade,Grass,Poison,103.0,60,70,65,125,105,90,4,False
408,Cranidos,Rock,,70.0,67,125,40,30,30,58,4,False
409,Rampardos,Rock,,99.0,97,165,60,65,50,58,4,False
410,Shieldon,Rock,Steel,70.0,30,42,118,42,88,30,4,False
411,Bastiodon,Rock,Steel,99.0,60,52,168,47,138,30,4,False
412,Burmy,Bug,,44.8,40,29,45,29,45,36,4,False
413,WormadamPlant Cloak,Bug,Grass,84.8,60,59,85,79,105,36,4,False
413,WormadamSandy Cloak,Bug,Ground,84.8,60,79,105,59,85,36,4,False
413,WormadamTrash Cloak,Bug,Steel,84.8,60,69,95,69,95,36,4,False
414,Mothim,Bug,Flying,84.8,70,94,50,94,50,66,4,False
415,Combee,Bug,Flying,48.8,30,30,42,30,42,70,4,False
416,Vespiquen,Bug,Flying,94.8,70,80,102,80,102,40,4,False
417,Pachirisu,Electric,,81.0,60,45,70,45,90,95,4,False
418,Buizel,Water,,66.0,55,65,35,60,30,85,4,False
419,Floatzel,Water,,99.0,85,105,55,85,50,115,4,False
420,Cherubi,Grass,,55.0,45,35,45,62,53,35,4,False
421,Cherrim,Grass,,90.0,70,60,70,87,78,85,4,False
422,Shellos,Water,,65.0,76,48,48,57,62,34,4,False
423,Gastrodon,Water,Ground,95.0,111,83,68,92,82,39,4,False
424,Ambipom,Normal,,96.4,75,100,66,60,66,115,4,False
425,Drifloon,Ghost,Flying,69.6,90,50,34,60,44,70,4,False
426,Drifblim,Ghost,Flying,99.6,150,80,44,90,54,80,4,False
427,Buneary,Normal,,70.0,55,66,44,44,56,85,4,False
428,Lopunny,Normal,,96.0,65,76,84,54,96,105,4,False
428,LopunnyMega Lopunny,Normal,Fighting,116.0,65,136,94,54,96,135,4,False
429,Mismagius,Ghost,,99.0,60,60,60,105,105,105,4,False
430,Honchkrow,Dark,Flying,101.0,100,125,52,105,52,71,4,False
431,Glameow,Normal,,62.0,49,55,42,42,37,85,4,False
432,Purugly,Normal,,90.4,71,82,64,64,59,112,4,False
433,Chingling,Psychic,,57.0,45,30,50,65,50,45,4,False
434,Stunky,Poison,Dark,65.8,63,63,47,41,41,74,4,False
435,Skuntank,Poison,Dark,95.8,103,93,67,71,61,84,4,False
436,Bronzor,Steel,Psychic,60.0,57,24,86,24,86,23,4,False
437,Bronzong,Steel,Psychic,100.0,67,89,116,79,116,33,4,False
438,Bonsly,Rock,,58.0,50,80,95,10,45,10,4,False
439,Mime Jr.,Psychic,Fairy,62.0,20,25,45,70,90,60,4,False
440,Happiny,Normal,,44.0,100,5,5,15,65,30,4,False
441,Chatot,Normal,Flying,82.2,76,65,45,92,42,91,4,False
442,Spiritomb,Ghost,Dark,97.0,50,92,108,92,108,35,4,False
443,Gible,Dragon,Ground,60.0,58,70,45,40,45,42,4,False
444,Gabite,Dragon,Ground,82.0,68,90,65,50,55,82,4,False
445,Garchomp,Dragon,Ground,120.0,108,130,95,80,85,102,4,False
445,GarchompMega Garchomp,Dragon,Ground,140.0,108,170,115,120,95,92,4,False
446,Munchlax,Normal,,78.0,135,85,40,40,85,5,4,False
447,Riolu,Fighting,,57.0,40,70,40,35,40,60,4,False
448,Lucario,Fighting,Steel,105.0,70,110,70,115,70,90,4,False
448,LucarioMega Lucario,Fighting,Steel,125.0,70,145,88,140,70,112,4,False
449,Hippopotas,Ground,,66.0,68,72,78,38,42,32,4,False
450,Hippowdon,Ground,,105.0,108,112,118,68,72,47,4,False
451,Skorupi,Poison,Bug,66.0,40,50,90,30,55,65,4,False
452,Drapion,Poison,Dark,100.0,70,90,110,60,75,95,4,False
453,Croagunk,Poison,Fighting,60.0,48,61,40,61,40,50,4,False
454,Toxicroak,Poison,Fighting,98.0,83,106,65,86,65,85,4,False
455,Carnivine,Grass,,90.8,74,100,72,90,72,46,4,False
456,Finneon,Water,,66.0,49,49,56,49,61,66,4,False
457,Lumineon,Water,,92.0,69,69,76,69,86,91,4,False
458,Mantyke,Water,Flying,69.0,45,20,50,60,120,50,4,False
459,Snover,Grass,Ice,66.8,60,62,50,62,60,40,4,False
460,Abomasnow,Grass,Ice,98.8,90,92,75,92,85,60,4,False
460,AbomasnowMega Abomasnow,Grass,Ice,118.8,90,132,105,132,105,30,4,False
461,Weavile,Dark,Ice,102.0,70,120,65,45,85,125,4,False
462,Magnezone,Electric,Steel,107.0,70,70,115,130,90,60,4,False
463,Lickilicky,Normal,,103.0,110,85,95,80,95,50,4,False
464,Rhyperior,Ground,Rock,107.0,115,140,130,55,55,40,4,False
465,Tangrowth,Grass,,107.0,100,100,125,110,50,50,4,False
466,Electivire,Electric,,108.0,75,123,67,95,85,95,4,False
467,Magmortar,Fire,,108.0,75,95,67,125,95,83,4,False
468,Togekiss,Fairy,Flying,109.0,85,50,95,120,115,80,4,False
469,Yanmega,Bug,Flying,103.0,86,76,86,116,56,95,4,False
470,Leafeon,Grass,,105.0,65,110,130,60,65,95,4,False
471,Glaceon,Ice,,105.0,65,60,110,130,95,65,4,False
472,Gliscor,Ground,Flying,102.0,75,95,125,45,75,95,4,False
473,Mamoswine,Ice,Ground,106.0,110,130,80,70,60,80,4,False
474,Porygon-Z,Normal,,107.0,85,80,70,135,75,90,4,False
475,Gallade,Psychic,Fighting,103.6,68,125,65,65,115,80,4,False
475,GalladeMega Gallade,Psychic,Fighting,123.6,68,165,95,65,115,110,4,False
476,Probopass,Rock,Steel,105.0,60,55,145,75,150,40,4,False
477,Dusknoir,Ghost,,105.0,45,100,135,65,135,45,4,False
478,Froslass,Ice,Ghost,96.0,70,80,70,80,70,110,4,False
479,Rotom,Electric,Ghost,88.0,50,50,77,95,77,91,4,False
479,RotomHeat Rotom,Electric,Fire,104.0,50,65,107,105,107,86,4,False
479,RotomWash Rotom,Electric,Water,104.0,50,65,107,105,107,86,4,False
479,RotomFrost Rotom,Electric,Ice,104.0,50,65,107,105,107,86,4,False
479,RotomFan Rotom,Electric,Flying,104.0,50,65,107,105,107,86,4,False
479,RotomMow Rotom,Electric,Grass,104.0,50,65,107,105,107,86,4,False
480,Uxie,Psychic,,116.0,75,75,130,75,130,95,4,True
481,Mesprit,Psychic,,116.0,80,105,105,105,105,80,4,True
482,Azelf,Psychic,,116.0,75,125,70,125,70,115,4,True
483,Dialga,Steel,Dragon,136.0,100,120,120,150,100,90,4,True
484,Palkia,Water,Dragon,136.0,90,120,100,150,120,100,4,True
485,Heatran,Fire,Steel,120.0,91,90,106,130,106,77,4,True
486,Regigigas,Normal,,134.0,110,160,110,80,110,100,4,True
487,GiratinaAltered Forme,Ghost,Dragon,136.0,150,100,120,100,120,90,4,True
487,GiratinaOrigin Forme,Ghost,Dragon,136.0,150,120,100,120,100,90,4,True
488,Cresselia,Psychic,,120.0,120,70,120,75,130,85,4,False
489,Phione,Water,,96.0,80,80,80,80,80,80,4,False
490,Manaphy,Water,,120.0,100,100,100,100,100,100,4,False
491,Darkrai,Dark,,120.0,70,90,90,135,90,125,4,True
492,ShayminLand Forme,Grass,,120.0,100,100,100,100,100,100,4,True
492,ShayminSky Forme,Grass,Flying,120.0,100,103,75,120,75,127,4,True
493,Arceus,Normal,,144.0,120,120,120,120,120,120,4,True
494,Victini,Psychic,Fire,120.0,100,100,100,100,100,100,5,True
495,Snivy,Grass,,61.6,45,45,55,45,55,63,5,False
496,Servine,Grass,,82.6,60,60,75,60,75,83,5,False
497,Serperior,Grass,,105.6,75,75,95,75,95,113,5,False
498,Tepig,Fire,,61.6,65,63,45,45,45,45,5,False
499,Pignite,Fire,Fighting,83.6,90,93,55,70,55,55,5,False
500,Emboar,Fire,Fighting,105.6,110,123,65,100,65,65,5,False
501,Oshawott,Water,,61.6,55,55,45,63,45,45,5,False
502,Dewott,Water,,82.6,75,75,60,83,60,60,5,False
503,Samurott,Water,,105.6,95,100,85,108,70,70,5,False
504,Patrat,Normal,,51.0,45,55,39,35,39,42,5,False
505,Watchog,Normal,,84.0,60,85,69,60,69,77,5,False
506,Lillipup,Normal,,55.0,45,60,45,25,45,55,5,False
507,Herdier,Normal,,74.0,65,80,65,35,65,60,5,False
508,Stoutland,Normal,,100.0,85,110,90,45,90,80,5,False
509,Purrloin,Dark,,56.2,41,50,37,50,37,66,5,False
510,Liepard,Dark,,89.2,64,88,50,88,50,106,5,False
511,Pansage,Grass,,63.2,50,53,48,53,48,64,5,False
512,Simisage,Grass,,99.6,75,98,63,98,63,101,5,False
513,Pansear,Fire,,63.2,50,53,48,53,48,64,5,False
514,Simisear,Fire,,99.6,75,98,63,98,63,101,5,False
515,Panpour,Water,,63.2,50,53,48,53,48,64,5,False
516,Simipour,Water,,99.6,75,98,63,98,63,101,5,False
517,Munna,Psychic,,58.4,76,25,45,67,55,24,5,False
518,Musharna,Psychic,,97.4,116,55,85,107,95,29,5,False
519,Pidove,Normal,Flying,52.8,50,55,50,36,30,43,5,False
520,Tranquill,Normal,Flying,71.6,62,77,62,50,42,65,5,False
521,Unfezant,Normal,Flying,97.6,80,115,80,65,55,93,5,False
522,Blitzle,Electric,,59.0,45,60,32,50,32,76,5,False
523,Zebstrika,Electric,,99.4,75,100,63,80,63,116,5,False
524,Roggenrola,Rock,,56.0,55,75,85,25,25,15,5,False
525,Boldore,Rock,,78.0,70,105,105,50,40,20,5,False
526,Gigalith,Rock,,103.0,85,135,130,60,80,25,5,False
527,Woobat,Psychic,Flying,62.6,55,45,43,55,43,72,5,False
528,Swoobat,Psychic,Flying,85.0,67,57,55,77,55,114,5,False
529,Drilbur,Ground,,65.6,60,85,40,30,45,68,5,False
530,Excadrill,Ground,Steel,101.6,110,135,60,50,65,88,5,False
531,Audino,Normal,,89.0,103,60,86,60,86,50,5,False
531,AudinoMega Audino,Normal,Fairy,109.0,103,60,126,80,126,50,5,False
532,Timburr,Fighting,,61.0,75,80,55,25,35,35,5,False
533,Gurdurr,Fighting,,81.0,85,105,85,40,50,40,5,False
534,Conkeldurr,Fighting,,101.0,105,140,95,55,65,45,5,False
535,Tympole,Water,,58.8,50,50,40,50,40,64,5,False
536,Palpitoad,Water,Ground,76.8,75,65,55,65,55,69,5,False
537,Seismitoad,Water,Ground,101.8,105,95,75,85,75,74,5,False
538,Throh,Fighting,,93.0,120,100,85,30,85,45,5,False
539,Sawk,Fighting,,93.0,75,125,75,30,75,85,5,False
540,Sewaddle,Bug,Grass,62.0,45,53,70,40,60,42,5,False
541,Swadloon,Bug,Grass,76.0,55,63,90,50,80,42,5,False
542,Leavanny,Bug,Grass,100.0,75,103,80,70,80,92,5,False
543,Venipede,Bug,Poison,52.0,30,45,59,30,39,57,5,False
544,Whirlipede,Bug,Poison,72.0,40,55,99,40,79,47,5,False
545,Scolipede,Bug,Poison,97.0,60,100,89,55,69,112,5,False
546,Cottonee,Grass,Fairy,56.0,40,27,60,37,50,66,5,False
547,Whimsicott,Grass,Fairy,96.0,60,67,85,77,75,116,5,False
548,Petilil,Grass,,56.0,45,35,50,70,50,30,5,False
549,Lilligant,Grass,,96.0,70,60,75,110,75,90,5,False
550,Basculin,Water,,92.0,70,92,65,80,55,98,5,False
551,Sandile,Ground,Dark,58.4,50,72,35,35,35,65,5,False
552,Krokorok,Ground,Dark,70.2,60,82,45,45,45,74,5,False
553,Krookodile,Ground,Dark,103.8,95,117,80,65,70,92,5,False
554,Darumaka,Fire,,63.0,70,90,45,15,45,50,5,False
555,DarmanitanStandard Mode,Fire,,96.0,105,140,55,30,55,95,5,False
555,DarmanitanZen Mode,Fire,Psychic,108.0,105,30,105,140,105,55,5,False
556,Maractus,Grass,,92.2,75,86,67,106,67,60,5,False
557,Dwebble,Bug,Rock,65.0,50,65,85,35,35,55,5,False
558,Crustle,Bug,Rock,95.0,70,95,125,65,75,45,5,False
559,Scraggy,Dark,Fighting,69.6,50,75,70,35,70,48,5,False
560,Scrafty,Dark,Fighting,97.6,65,90,115,45,115,58,5,False
561,Sigilyph,Psychic,Flying,98.0,72,58,80,103,80,97,5,False
562,Yamask,Ghost,,60.6,38,30,85,55,65,30,5,False
563,Cofagrigus,Ghost,,96.6,58,50,145,95,105,30,5,False
564,Tirtouga,Water,Rock,71.0,54,78,103,53,45,22,5,False
565,Carracosta,Water,Rock,99.0,74,108,133,83,65,32,5,False
566,Archen,Rock,Flying,80.2,55,112,45,74,45,70,5,False
567,Archeops,Rock,Flying,113.4,75,140,65,112,65,110,5,False
568,Trubbish,Poison,,65.8,50,50,62,40,62,65,5,False
569,Garbodor,Poison,,94.8,80,95,82,60,82,75,5,False
570,Zorua,Dark,,66.0,40,65,40,80,40,65,5,False
571,Zoroark,Dark,,102.0,60,105,60,120,60,105,5,False
572,Minccino,Normal,,60.0,55,50,40,40,40,75,5,False
573,Cinccino,Normal,,94.0,75,95,60,65,60,115,5,False
574,Gothita,Psychic,,58.0,45,30,50,55,65,45,5,False
575,Gothorita,Psychic,,78.0,60,45,70,75,85,55,5,False
576,Gothitelle,Psychic,,98.0,70,55,95,95,110,65,5,False
577,Solosis,Psychic,,58.0,45,30,40,105,50,20,5,False
578,Duosion,Psychic,,74.0,65,40,50,125,60,30,5,False
579,Reuniclus,Psychic,,98.0,110,65,75,125,85,30,5,False
580,Ducklett,Water,Flying,61.0,62,44,50,44,50,55,5,False
581,Swanna,Water,Flying,94.6,75,87,63,87,63,98,5,False
582,Vanillite,Ice,,61.0,36,50,50,65,60,44,5,False
583,Vanillish,Ice,,79.0,51,65,65,80,75,59,5,False
584,Vanilluxe,Ice,,107.0,71,95,85,110,95,79,5,False
585,Deerling,Normal,Grass,67.0,60,60,50,40,50,75,5,False
586,Sawsbuck,Normal,Grass,95.0,80,100,70,60,70,95,5,False
587,Emolga,Electric,Flying,85.6,55,75,60,75,60,103,5,False
588,Karrablast,Bug,,63.0,50,75,45,40,45,60,5,False
589,Escavalier,Bug,Steel,99.0,70,135,105,60,105,20,5,False
590,Foongus,Grass,Poison,58.8,69,55,45,55,55,15,5,False
591,Amoonguss,Grass,Poison,92.8,114,85,70,85,80,30,5,False
592,Frillish,Water,Ghost,67.0,55,40,50,65,85,40,5,False
593,Jellicent,Water,Ghost,96.0,100,60,70,85,105,60,5,False
594,Alomomola,Water,,94.0,165,75,80,40,45,65,5,False
595,Joltik,Bug,Electric,63.8,50,47,50,57,50,65,5,False
596,Galvantula,Bug,Electric,94.4,70,77,60,97,60,108,5,False
597,Ferroseed,Grass,Steel,61.0,44,50,91,24,86,10,5,False
598,Ferrothorn,Grass,Steel,97.8,74,94,131,54,116,20,5,False
599,Klink,Steel,,60.0,40,55,70,45,60,30,5,False
600,Klang,Steel,,88.0,60,80,95,70,85,50,5,False
601,Klinklang,Steel,,104.0,60,100,115,70,85,90,5,False
602,Tynamo,Electric,,55.0,35,55,40,45,40,60,5,False
603,Eelektrik,Electric,,81.0,65,85,70,75,70,40,5,False
604,Eelektross,Electric,,103.0,85,115,80,105,80,50,5,False
605,Elgyem,Psychic,,67.0,55,55,55,85,55,30,5,False
606,Beheeyem,Psychic,,97.0,75,75,75,125,95,40,5,False
607,Litwick,Ghost,Fire,55.0,50,30,55,65,55,20,5,False
608,Lampent,Ghost,Fire,74.0,60,40,60,95,60,55,5,False
609,Chandelure,Ghost,Fire,104.0,60,55,90,145,90,80,5,False
610,Axew,Dragon,,64.0,46,87,60,30,40,57,5,False
611,Fraxure,Dragon,,82.0,66,117,70,40,50,67,5,False
612,Haxorus,Dragon,,108.0,76,147,90,60,70,97,5,False
613,Cubchoo,Ice,,61.0,55,70,40,60,40,40,5,False
614,Beartic,Ice,,97.0,95,110,80,70,80,50,5,False
615,Cryogonal,Ice,,97.0,70,50,30,95,135,105,5,False
616,Shelmet,Bug,,61.0,50,40,85,40,65,25,5,False
617,Accelgor,Bug,,99.0,80,70,40,100,60,145,5,False
618,Stunfisk,Ground,Electric,94.2,109,66,84,81,99,32,5,False
619,Mienfoo,Fighting,,70.0,45,85,50,55,50,65,5,False
620,Mienshao,Fighting,,102.0,65,125,60,95,60,105,5,False
621,Druddigon,Dragon,,97.0,77,120,90,60,90,48,5,False
622,Golett,Ground,Ghost,60.6,59,74,50,35,50,35,5,False
623,Golurk,Ground,Ghost,96.6,89,124,80,55,80,55,5,False
624,Pawniard,Dark,Steel,68.0,45,85,70,40,40,60,5,False
625,Bisharp,Dark,Steel,98.0,65,125,100,60,70,70,5,False
626,Bouffalant,Normal,,98.0,95,110,95,40,95,55,5,False
627,Rufflet,Normal,Flying,70.0,70,83,50,37,50,60,5,False
628,Braviary,Normal,Flying,102.0,100,123,75,57,75,80,5,False
629,Vullaby,Dark,Flying,74.0,70,55,75,45,65,60,5,False
630,Mandibuzz,Dark,Flying,102.0,110,65,105,55,95,80,5,False
631,Heatmor,Fire,,96.8,85,97,66,105,66,65,5,False
632,Durant,Bug,Steel,96.8,58,109,112,48,48,109,5,False
633,Deino,Dark,Dragon,60.0,52,65,50,45,50,38,5,False
634,Zweilous,Dark,Dragon,84.0,72,85,70,65,70,58,5,False
635,Hydreigon,Dark,Dragon,120.0,92,105,90,125,90,98,5,False
636,Larvesta,Bug,Fire,72.0,55,85,55,50,55,60,5,False
637,Volcarona,Bug,Fire,110.0,85,60,65,135,105,100,5,False
638,Cobalion,Steel,Fighting,116.0,91,90,129,90,72,108,5,True
639,Terrakion,Rock,Fighting,116.0,91,129,90,72,90,108,5,True
640,Virizion,Grass,Fighting,116.0,91,90,72,90,129,108,5,True
641,TornadusIncarnate Forme,Flying,,116.0,79,115,70,125,80,111,5,True
641,TornadusTherian Forme,Flying,,116.0,79,100,80,110,90,121,5,True
642,ThundurusIncarnate Forme,Electric,Flying,116.0,79,115,70,125,80,111,5,True
642,ThundurusTherian Forme,Electric,Flying,116.0,79,105,70,145,80,101,5,True
643,Reshiram,Dragon,Fire,136.0,100,120,100,150,120,90,5,True
644,Zekrom,Dragon,Electric,136.0,100,150,120,120,100,90,5,True
645,LandorusIncarnate Forme,Ground,Flying,120.0,89,125,90,115,80,101,5,True
645,LandorusTherian Forme,Ground,Flying,120.0,89,145,90,105,80,91,5,True
646,Kyurem,Dragon,Ice,132.0,125,130,90,130,90,95,5,True
646,KyuremBlack Kyurem,Dragon,Ice,140.0,125,170,100,120,90,95,5,True
646,KyuremWhite Kyurem,Dragon,Ice,140.0,125,120,90,170,100,95,5,True
647,KeldeoOrdinary Forme,Water,Fighting,116.0,91,72,90,129,90,108,5,False
647,KeldeoResolute Forme,Water,Fighting,116.0,91,72,90,129,90,108,5,False
648,MeloettaAria Forme,Normal,Psychic,120.0,100,77,77,128,128,90,5,False
648,MeloettaPirouette Forme,Normal,Fighting,120.0,100,128,90,77,77,128,5,False
649,Genesect,Bug,Steel,120.0,71,120,95,120,95,99,5,False
650,Chespin,Grass,,62.6,56,61,65,48,45,38,6,False
651,Quilladin,Grass,,81.0,61,78,95,56,58,57,6,False
652,Chesnaught,Grass,Fighting,106.0,88,107,122,74,75,64,6,False
653,Fennekin,Fire,,61.4,40,45,40,62,60,60,6,False
654,Braixen,Fire,,81.8,59,59,58,90,70,73,6,False
655,Delphox,Fire,Psychic,106.8,75,69,72,114,100,104,6,False
656,Froakie,Water,,62.8,41,56,40,62,44,71,6,False
657,Frogadier,Water,,81.0,54,63,52,83,56,97,6,False
658,Greninja,Water,Dark,106.0,72,95,67,103,71,122,6,False
659,Bunnelby,Normal,,47.4,38,36,38,32,36,57,6,False
660,Diggersby,Normal,Ground,84.6,85,56,77,50,77,78,6,False
661,Fletchling,Normal,Flying,55.6,45,50,43,40,38,62,6,False
662,Fletchinder,Fire,Flying,76.4,62,73,55,56,52,84,6,False
663,Talonflame,Fire,Flying,99.8,78,81,71,74,69,126,6,False
664,Scatterbug,Bug,,40.0,38,35,40,27,25,35,6,False
665,Spewpa,Bug,,42.6,45,22,60,27,30,29,6,False
666,Vivillon,Bug,Flying,82.2,80,52,50,90,50,89,6,False
667,Litleo,Fire,Normal,73.8,62,50,58,73,54,72,6,False
668,Pyroar,Fire,Normal,101.4,86,68,72,109,66,106,6,False
669,Flabébé,Fairy,,60.6,44,38,39,61,79,42,6,False
670,Floette,Fairy,,74.2,54,45,47,75,98,52,6,False
671,Florges,Fairy,,110.4,78,65,68,112,154,75,6,False
672,Skiddo,Grass,,70.0,66,65,48,62,57,52,6,False
673,Gogoat,Grass,,106.2,123,100,62,97,81,68,6,False
674,Pancham,Fighting,,69.6,67,82,62,46,48,43,6,False
675,Pangoro,Fighting,Dark,99.0,95,124,78,69,71,58,6,False
676,Furfrou,Normal,,94.4,75,80,60,65,90,102,6,False
677,Espurr,Psychic,,71.0,62,48,54,63,60,68,6,False
678,MeowsticMale,Psychic,,93.2,74,48,76,83,81,104,6,False
678,MeowsticFemale,Psychic,,93.2,74,48,76,83,81,104,6,False
679,Honedge,Steel,Ghost,65.0,45,80,100,35,37,28,6,False
680,Doublade,Steel,Ghost,89.6,59,110,150,45,49,35,6,False
681,AegislashBlade Forme,Steel,Ghost,104.0,60,150,50,150,50,60,6,False
681,AegislashShield Forme,Steel,Ghost,104.0,60,50,150,50,150,60,6,False
682,Spritzee,Fairy,,68.2,78,52,60,63,65,23,6,False
683,Aromatisse,Fairy,,92.4,101,72,72,99,89,29,6,False
684,Swirlix,Fairy,,68.2,62,48,66,59,57,49,6,False
685,Slurpuff,Fairy,,96.0,82,80,86,85,75,72,6,False
686,Inkay,Dark,Psychic,57.6,53,54,53,37,46,45,6,False
687,Malamar,Dark,Psychic,96.4,86,92,88,68,75,73,6,False
688,Binacle,Rock,Water,61.2,42,52,67,39,56,50,6,False
689,Barbaracle,Rock,Water,100.0,72,105,115,54,86,68,6,False
690,Skrelp,Poison,Water,64.0,50,60,60,60,60,30,6,False
691,Dragalge,Poison,Dragon,98.8,65,75,90,97,123,44,6,False
692,Clauncher,Water,,66.0,50,53,62,58,63,44,6,False
693,Clawitzer,Water,,100.0,71,73,88,120,89,59,6,False
694,Helioptile,Electric,Normal,57.8,44,38,33,61,43,70,6,False
695,Heliolisk,Electric,Normal,96.2,62,55,52,109,94,109,6,False
696,Tyrunt,Rock,Dragon,72.4,58,89,77,45,45,48,6,False
697,Tyrantrum,Rock,Dragon,104.2,82,121,119,69,59,71,6,False
698,Amaura,Rock,Ice,72.4,77,59,50,67,63,46,6,False
699,Aurorus,Rock,Ice,104.2,123,77,72,99,92,58,6,False
700,Sylveon,Fairy,,105.0,95,65,65,110,130,60,6,False
701,Hawlucha,Fighting,Flying,100.0,78,92,75,74,63,118,6,False
702,Dedenne,Electric,Fairy,86.2,67,58,57,81,67,101,6,False
703,Carbink,Rock,Fairy,100.0,50,50,150,50,150,50,6,False
704,Goomy,Dragon,,60.0,45,50,35,55,75,40,6,False
705,Sliggoo,Dragon,,90.4,68,75,53,83,113,60,6,False
706,Goodra,Dragon,,120.0,90,100,70,110,150,80,6,False
707,Klefki,Steel,Fairy,94.0,57,80,91,80,87,75,6,False
708,Phantump,Ghost,Grass,61.8,43,70,48,50,60,38,6,False
709,Trevenant,Ghost,Grass,94.8,85,110,76,65,82,56,6,False
710,PumpkabooAverage Size,Ghost,Grass,67.0,49,66,70,44,55,51,6,False
710,PumpkabooSmall Size,Ghost,Grass,67.0,44,66,70,44,55,56,6,False
710,PumpkabooLarge Size,Ghost,Grass,67.0,54,66,70,44,55,46,6,False
710,PumpkabooSuper Size,Ghost,Grass,67.0,59,66,70,44,55,41,6,False
711,GourgeistAverage Size,Ghost,Grass,98.8,65,90,122,58,75,84,6,False
711,GourgeistSmall Size,Ghost,Grass,98.8,55,85,122,58,75,99,6,False
711,GourgeistLarge Size,Ghost,Grass,98.8,75,95,122,58,75,69,6,False
711,GourgeistSuper Size,Ghost,Grass,98.8,85,100,122,58,75,54,6,False
712,Bergmite,Ice,,60.8,55,69,85,32,35,28,6,False
713,Avalugg,Ice,,102.8,95,117,184,44,46,28,6,False
714,Noibat,Flying,Dragon,49.0,40,30,35,45,40,55,6,False
715,Noivern,Flying,Dragon,107.0,85,70,80,97,80,123,6,False
716,Xerneas,Fairy,,136.0,126,131,95,131,98,99,6,True
717,Yveltal,Dark,Flying,136.0,126,131,95,131,98,99,6,True
718,Zygarde50% Forme,Dragon,Ground,120.0,108,100,121,81,95,95,6,True
719,Diancie,Rock,Fairy,120.0,50,100,150,100,150,50,6,True
719,DiancieMega Diancie,Rock,Fairy,140.0,50,160,110,160,110,110,6,True
720,HoopaHoopa Confined,Psychic,Ghost,120.0,80,110,60,150,130,70,6,True
720,HoopaHoopa Unbound,Psychic,Dark,136.0,80,160,60,170,130,80,6,True
721,Volcanion,Fire,Water,120.0,80,110,120,130,90,70,6,True
